 1 2 3 4 5 6 7 8 9 10 11 12 2 3 5 6 1 7 9 10 4 11 12 8 3 5 1 7 2 9 4 11 6 12 8 10 4 10 7 8 12 2 11 1 5 6 3 9 5 1 2 9 3 4 6 12 7 8 10 11 6 11 9 10 8 3 12 2 1 7 5 4 7 12 4 11 10 5 8 3 2 9 1 6 8 6 11 1 9 10 3 4 12 2 7 5 9 8 6 12 11 1 10 5 3 4 2 7 10 7 12 2 4 11 5 6 8 3 9 1 11 9 8 3 6 12 1 7 10 5 4 2 12 4 10 5 7 8 2 9 11 1 6 3

 1 2 3 4 5 6 7 8 9 10 11 12 2 4 5 6 8 1 9 10 11 3 12 7 3 5 7 8 9 10 1 11 2 12 4 6 4 6 8 1 10 2 11 3 12 5 7 9 5 8 9 10 11 3 2 12 4 7 6 1 6 1 10 2 3 4 12 5 7 8 9 11 7 9 1 11 2 12 3 4 5 6 8 10 8 10 11 3 12 5 4 7 6 9 1 2 9 11 2 12 4 7 5 6 8 1 10 3 10 3 12 5 7 8 6 9 1 11 2 4 11 12 4 7 6 9 8 1 10 2 3 5 12 7 6 9 1 11 10 2 3 4 5 8

 1 2 3 4 5 6 7 8 9 10 11 12 2 5 6 7 1 9 10 11 3 4 12 8 3 7 1 8 12 11 2 4 10 9 6 5 4 11 8 1 9 7 6 3 5 12 2 10 5 1 9 10 2 3 4 12 6 7 8 11 6 10 2 11 8 12 5 7 4 3 9 1 7 12 11 2 3 10 9 6 1 8 5 4 8 6 4 3 10 2 11 1 12 5 7 9 9 4 5 12 11 8 1 10 7 6 3 2 10 8 12 5 6 4 3 9 2 11 1 7 11 9 7 6 4 5 12 2 8 1 10 3 12 3 10 9 7 1 8 5 11 2 4 6

 1 2 3 4 5 6 7 8 9 10 11 12 2 1 5 6 3 4 9 10 7 8 12 11 3 5 1 7 2 9 4 11 6 12 8 10 4 10 7 8 12 2 11 1 5 6 3 9 5 3 2 9 1 7 6 12 4 11 10 8 6 8 9 10 11 1 12 2 3 4 5 7 7 12 4 11 10 5 8 3 2 9 1 6 8 6 11 1 9 10 3 4 12 2 7 5 9 11 6 12 8 3 10 5 1 7 2 4 10 4 12 2 7 8 5 6 11 1 9 3 11 9 8 3 6 12 1 7 10 5 4 2 12 7 10 5 4 11 2 9 8 3 6 1

 1 2 3 4 5 6 7 8 9 10 11 12 2 1 5 6 3 4 9 10 7 8 12 11 3 5 1 7 2 9 4 11 6 12 8 10 4 6 7 8 9 10 11 1 12 2 3 5 5 3 2 9 1 7 6 12 4 11 10 8 6 4 9 10 7 8 12 2 11 1 5 3 7 9 4 11 6 12 8 3 10 5 1 2 8 10 11 1 12 2 3 4 5 6 7 9 9 7 6 12 4 11 10 5 8 3 2 1 10 8 12 2 11 1 5 6 3 4 9 7 11 12 8 3 10 5 1 7 2 9 4 6 12 11 10 5 8 3 2 9 1 7 6 4

