 1 2 3 4 5 6 7 8 9 10 11 12 13 14 15 16 2 3 6 7 8 4 9 10 12 13 14 5 11 15 16 1 3 6 4 9 10 7 12 13 5 11 15 8 14 16 1 2 4 7 9 5 11 12 8 14 10 15 1 13 16 2 3 6 5 8 10 11 1 13 14 2 15 3 4 16 6 7 9 12 6 4 7 12 13 9 5 11 8 14 16 10 15 1 2 3 7 9 12 8 14 5 10 15 13 16 2 11 1 3 6 4 8 10 13 14 2 11 15 3 16 6 7 1 4 9 12 5 9 12 5 10 15 8 13 16 11 1 3 14 2 6 4 7 10 13 11 15 3 14 16 6 1 4 9 2 7 12 5 8 11 14 15 1 4 16 2 7 3 9 5 6 12 8 10 13 12 5 8 13 16 10 11 1 14 2 6 15 3 4 7 9 13 11 14 16 6 15 1 4 2 7 12 3 9 5 8 10 14 15 16 2 7 1 3 9 6 12 8 4 5 10 13 11 15 16 1 3 9 2 6 12 4 5 10 7 8 13 11 14 16 1 2 6 12 3 4 5 7 8 13 9 10 11 14 15

 1 2 3 4 5 6 7 8 9 10 11 12 13 14 15 16 2 4 6 7 8 9 1 11 12 13 14 3 15 5 16 10 3 6 5 9 10 8 12 13 11 1 15 14 2 16 4 7 4 7 9 1 11 12 2 14 3 15 5 6 16 8 10 13 5 8 10 11 1 13 14 2 15 3 4 16 6 7 9 12 6 9 8 12 13 11 3 15 14 2 16 5 4 10 7 1 7 1 12 2 14 3 4 5 6 16 8 9 10 11 13 15 8 11 13 14 2 15 5 4 16 6 7 10 9 1 12 3 9 12 11 3 15 14 6 16 5 4 10 8 7 13 1 2 10 13 1 15 3 2 16 6 4 5 9 7 8 12 11 14 11 14 15 5 4 16 8 7 10 9 1 13 12 2 3 6 12 3 14 6 16 5 9 10 8 7 13 11 1 15 2 4 13 15 2 16 6 4 10 9 7 8 12 1 11 3 14 5 14 5 16 8 7 10 11 1 13 12 2 15 3 4 6 9 15 16 4 10 9 7 13 12 1 11 3 2 14 6 5 8 16 10 7 13 12 1 15 3 2 14 6 4 5 9 8 11

 1 2 3 4 5 6 7 8 9 10 11 12 13 14 15 16 2 5 6 7 8 10 11 1 12 13 14 15 3 4 16 9 3 12 1 9 10 7 6 16 4 5 15 2 14 13 11 8 4 7 9 1 11 12 2 14 3 15 5 6 16 8 10 13 5 8 10 11 1 13 14 2 15 3 4 16 6 7 9 12 6 15 2 12 13 11 10 9 7 8 16 5 4 3 14 1 7 11 12 2 14 15 5 4 6 16 8 10 9 1 13 3 8 1 13 14 2 3 4 5 16 6 7 9 10 11 12 15 9 6 4 3 15 2 12 13 1 11 10 7 8 16 5 14 10 16 5 15 3 14 13 12 11 1 9 8 7 6 4 2 11 14 15 5 4 16 8 7 10 9 1 13 12 2 3 6 12 10 7 6 16 5 15 3 2 14 13 11 1 9 8 4 13 9 8 16 6 4 3 15 14 2 12 1 11 10 7 5 14 4 16 8 7 9 1 11 13 12 2 3 15 5 6 10 15 13 11 10 9 8 16 6 5 4 3 14 2 12 1 7 16 3 14 13 12 1 9 10 8 7 6 4 5 15 2 11

 1 2 3 4 5 6 7 8 9 10 11 12 13 14 15 16 2 5 6 7 8 10 11 1 12 13 14 15 3 4 16 9 3 12 4 9 10 2 6 16 1 11 15 7 8 13 5 14 4 7 9 1 11 12 2 14 3 15 5 6 16 8 10 13 5 8 10 11 1 13 14 2 15 3 4 16 6 7 9 12 6 15 7 12 13 5 10 9 2 14 16 11 1 3 8 4 7 11 12 2 14 15 5 4 6 16 8 10 9 1 13 3 8 1 13 14 2 3 4 5 16 6 7 9 10 11 12 15 9 6 1 3 15 7 12 13 4 5 10 2 14 16 11 8 10 16 11 15 3 8 13 12 5 4 9 14 2 6 1 7 11 14 15 5 4 16 8 7 10 9 1 13 12 2 3 6 12 10 2 6 16 11 15 3 7 8 13 5 4 9 14 1 13 9 14 16 6 1 3 15 8 7 12 4 5 10 2 11 14 4 16 8 7 9 1 11 13 12 2 3 15 5 6 10 15 13 5 10 9 14 16 6 11 1 3 8 7 12 4 2 16 3 8 13 12 4 9 10 14 2 6 1 11 15 7 5

 1 2 3 4 5 6 7 8 9 10 11 12 13 14 15 16 2 4 6 7 8 9 5 11 12 13 14 10 15 1 16 3 3 6 1 9 10 2 12 13 4 5 15 7 8 16 11 14 4 7 9 5 11 12 8 14 10 15 1 13 16 2 3 6 5 8 10 11 1 13 14 2 15 3 4 16 6 7 9 12 6 9 2 12 13 4 10 15 7 8 16 5 11 3 14 1 7 5 12 8 14 10 11 1 13 16 2 15 3 4 6 9 8 11 13 14 2 15 1 4 16 6 7 3 9 5 12 10 9 12 4 10 15 7 13 16 5 11 3 8 14 6 1 2 10 13 5 15 3 8 16 6 11 1 9 14 2 12 4 7 11 14 15 1 4 16 2 7 3 9 5 6 12 8 10 13 12 10 7 13 16 5 15 3 8 14 6 11 1 9 2 4 13 15 8 16 6 11 3 9 14 2 12 1 4 10 7 5 14 1 16 2 7 3 4 5 6 12 8 9 10 11 13 15 15 16 11 3 9 14 6 12 1 4 10 2 7 13 5 8 16 3 14 6 12 1 9 10 2 7 13 4 5 15 8 11

 1 2 3 4 5 6 7 8 9 10 11 12 13 14 15 16 2 4 6 7 8 9 5 11 12 13 14 10 15 1 16 3 3 13 1 9 10 8 16 6 4 5 15 14 2 12 11 7 4 7 9 5 11 12 8 14 10 15 1 13 16 2 3 6 5 8 10 11 1 13 14 2 15 3 4 16 6 7 9 12 6 15 2 12 13 11 3 9 7 8 16 1 4 10 14 5 7 5 12 8 14 10 11 1 13 16 2 15 3 4 6 9 8 11 13 14 2 15 1 4 16 6 7 3 9 5 12 10 9 16 4 10 15 14 6 12 5 11 3 2 7 13 1 8 10 6 5 15 3 2 12 13 11 1 9 7 8 16 4 14 11 14 15 1 4 16 2 7 3 9 5 6 12 8 10 13 12 3 7 13 16 1 9 10 8 14 6 4 5 15 2 11 13 9 8 16 6 4 10 15 14 2 12 5 11 3 7 1 14 1 16 2 7 3 4 5 6 12 8 9 10 11 13 15 15 12 11 3 9 7 13 16 1 4 10 8 14 6 5 2 16 10 14 6 12 5 15 3 2 7 13 11 1 9 8 4

 1 2 3 4 5 6 7 8 9 10 11 12 13 14 15 16 2 1 6 7 8 3 4 5 12 13 14 9 10 11 16 15 3 12 1 9 10 14 13 16 4 5 15 2 7 6 11 8 4 14 15 5 11 12 2 7 3 9 1 13 16 8 10 6 5 8 10 11 1 13 14 2 15 3 4 16 6 7 9 12 6 9 2 12 13 11 10 15 7 8 16 1 4 3 14 5 7 11 16 8 14 9 1 4 6 12 2 10 15 5 13 3 8 5 13 14 2 10 11 1 16 6 7 15 3 4 12 9 9 6 11 10 15 2 12 13 1 4 3 7 8 16 5 14 10 16 5 15 3 7 6 12 11 1 9 8 14 13 4 2 11 7 9 1 4 16 8 14 10 15 5 6 12 2 3 13 12 3 14 13 16 1 9 10 2 7 6 4 5 15 8 11 13 15 8 16 6 4 3 9 14 2 12 5 11 10 7 1 14 4 12 2 7 15 5 11 13 16 8 3 9 1 6 10 15 13 4 3 9 8 16 6 5 11 10 14 2 12 1 7 16 10 7 6 12 5 15 3 8 14 13 11 1 9 2 4

 1 2 3 4 5 6 7 8 9 10 11 12 13 14 15 16 2 5 6 7 8 10 11 1 12 13 14 15 3 4 16 9 3 12 1 9 10 14 13 16 4 5 15 2 7 6 11 8 4 14 15 5 11 12 2 7 3 9 1 13 16 8 10 6 5 8 10 11 1 13 14 2 15 3 4 16 6 7 9 12 6 15 2 12 13 4 3 9 7 8 16 5 11 10 14 1 7 4 16 8 14 15 5 11 6 12 2 3 9 1 13 10 8 1 13 14 2 3 4 5 16 6 7 9 10 11 12 15 9 6 11 10 15 2 12 13 1 4 3 7 8 16 5 14 10 16 5 15 3 7 6 12 11 1 9 8 14 13 4 2 11 7 9 1 4 16 8 14 10 15 5 6 12 2 3 13 12 10 14 13 16 5 15 3 2 7 6 11 1 9 8 4 13 9 8 16 6 11 10 15 14 2 12 1 4 3 7 5 14 11 12 2 7 9 1 4 13 16 8 10 15 5 6 3 15 13 4 3 9 8 16 6 5 11 10 14 2 12 1 7 16 3 7 6 12 1 9 10 8 14 13 4 5 15 2 11

 1 2 3 4 5 6 7 8 9 10 11 12 13 14 15 16 2 5 6 7 8 10 11 1 12 13 14 15 3 4 16 9 3 12 5 9 10 7 13 16 11 1 15 8 14 6 4 2 4 14 15 5 11 12 2 7 3 9 1 13 16 8 10 6 5 8 10 11 1 13 14 2 15 3 4 16 6 7 9 12 6 15 8 12 13 11 3 9 14 2 16 1 4 10 7 5 7 4 16 8 14 15 5 11 6 12 2 3 9 1 13 10 8 1 13 14 2 3 4 5 16 6 7 9 10 11 12 15 9 6 4 10 15 8 12 13 5 11 3 14 2 16 1 7 10 16 1 15 3 14 6 12 4 5 9 2 7 13 11 8 11 7 9 1 4 16 8 14 10 15 5 6 12 2 3 13 12 10 7 13 16 1 15 3 8 14 6 4 5 9 2 11 13 9 2 16 6 4 10 15 7 8 12 5 11 3 14 1 14 11 12 2 7 9 1 4 13 16 8 10 15 5 6 3 15 13 11 3 9 2 16 6 1 4 10 7 8 12 5 14 16 3 14 6 12 5 9 10 2 7 13 11 1 15 8 4

 1 2 3 4 5 6 7 8 9 10 11 12 13 14 15 16 2 5 6 7 8 10 11 1 12 13 14 15 3 4 16 9 3 6 1 9 10 2 12 13 4 5 15 7 8 16 11 14 4 7 9 1 11 12 2 14 3 15 5 6 16 8 10 13 5 8 10 11 1 13 14 2 15 3 4 16 6 7 9 12 6 10 2 12 13 5 15 3 7 8 16 11 1 9 14 4 7 11 12 2 14 15 5 4 6 16 8 10 9 1 13 3 8 1 13 14 2 3 4 5 16 6 7 9 10 11 12 15 9 12 4 3 15 7 6 16 1 11 10 2 14 13 5 8 10 13 5 15 3 8 16 6 11 1 9 14 2 12 4 7 11 14 15 5 4 16 8 7 10 9 1 13 12 2 3 6 12 15 7 6 16 11 10 9 2 14 13 5 4 3 8 1 13 3 8 16 6 1 9 10 14 2 12 4 5 15 7 11 14 4 16 8 7 9 1 11 13 12 2 3 15 5 6 10 15 16 11 10 9 14 13 12 5 4 3 8 7 6 1 2 16 9 14 13 12 4 3 15 8 7 6 1 11 10 2 5

 1 2 3 4 5 6 7 8 9 10 11 12 13 14 15 16 2 1 6 7 8 3 4 5 12 13 14 9 10 11 16 15 3 13 1 9 10 8 16 6 4 5 15 14 2 12 11 7 4 7 9 1 11 12 2 14 3 15 5 6 16 8 10 13 5 8 10 11 1 13 14 2 15 3 4 16 6 7 9 12 6 10 2 12 13 5 15 3 7 8 16 11 1 9 14 4 7 4 12 2 14 9 1 11 6 16 8 3 15 5 13 10 8 5 13 14 2 10 11 1 16 6 7 15 3 4 12 9 9 16 4 3 15 14 13 12 1 11 10 8 7 6 5 2 10 6 5 15 3 2 12 13 11 1 9 7 8 16 4 14 11 14 15 5 4 16 8 7 10 9 1 13 12 2 3 6 12 15 7 6 16 11 10 9 2 14 13 5 4 3 8 1 13 3 8 16 6 1 9 10 14 2 12 4 5 15 7 11 14 11 16 8 7 15 5 4 13 12 2 10 9 1 6 3 15 12 11 10 9 7 6 16 5 4 3 2 14 13 1 8 16 9 14 13 12 4 3 15 8 7 6 1 11 10 2 5

 1 2 3 4 5 6 7 8 9 10 11 12 13 14 15 16 2 5 6 7 8 10 11 1 12 13 14 15 3 4 16 9 3 13 5 9 10 2 16 6 11 1 15 7 8 12 4 14 4 7 9 1 11 12 2 14 3 15 5 6 16 8 10 13 5 8 10 11 1 13 14 2 15 3 4 16 6 7 9 12 6 3 8 12 13 5 9 10 14 2 16 11 1 15 7 4 7 11 12 2 14 15 5 4 6 16 8 10 9 1 13 3 8 1 13 14 2 3 4 5 16 6 7 9 10 11 12 15 9 16 11 3 15 7 13 12 5 4 10 2 14 6 1 8 10 6 1 15 3 8 12 13 4 5 9 14 2 16 11 7 11 14 15 5 4 16 8 7 10 9 1 13 12 2 3 6 12 9 14 6 16 11 3 15 8 7 13 5 4 10 2 1 13 10 2 16 6 1 15 3 7 8 12 4 5 9 14 11 14 4 16 8 7 9 1 11 13 12 2 3 15 5 6 10 15 12 4 10 9 14 6 16 1 11 3 8 7 13 5 2 16 15 7 13 12 4 10 9 2 14 6 1 11 3 8 5

 1 2 3 4 5 6 7 8 9 10 11 12 13 14 15 16 2 1 6 7 8 3 4 5 12 13 14 9 10 11 16 15 3 13 1 9 10 8 16 6 4 5 15 14 2 12 11 7 4 7 9 5 11 12 8 14 10 15 1 13 16 2 3 6 5 8 10 11 1 13 14 2 15 3 4 16 6 7 9 12 6 10 2 12 13 5 15 3 7 8 16 11 1 9 14 4 7 4 12 8 14 9 5 11 13 16 2 10 15 1 6 3 8 5 13 14 2 10 11 1 16 6 7 15 3 4 12 9 9 16 4 10 15 14 6 12 5 11 3 2 7 13 1 8 10 6 5 15 3 2 12 13 11 1 9 7 8 16 4 14 11 14 15 1 4 16 2 7 3 9 5 6 12 8 10 13 12 15 7 13 16 11 3 9 8 14 6 1 4 10 2 5 13 3 8 16 6 1 9 10 14 2 12 4 5 15 7 11 14 11 16 2 7 15 1 4 6 12 8 3 9 5 13 10 15 12 11 3 9 7 13 16 1 4 10 8 14 6 5 2 16 9 14 6 12 4 10 15 2 7 13 5 11 3 8 1

 1 2 3 4 5 6 7 8 9 10 11 12 13 14 15 16 2 1 6 7 8 3 4 5 12 13 14 9 10 11 16 15 3 6 1 9 10 2 12 13 4 5 15 7 8 16 11 14 4 7 9 1 11 12 2 14 3 15 5 6 16 8 10 13 5 8 10 11 1 13 14 2 15 3 4 16 6 7 9 12 6 3 2 12 13 1 9 10 7 8 16 4 5 15 14 11 7 4 12 2 14 9 1 11 6 16 8 3 15 5 13 10 8 5 13 14 2 10 11 1 16 6 7 15 3 4 12 9 9 12 4 3 15 7 6 16 1 11 10 2 14 13 5 8 10 13 5 15 3 8 16 6 11 1 9 14 2 12 4 7 11 14 15 5 4 16 8 7 10 9 1 13 12 2 3 6 12 9 7 6 16 4 3 15 2 14 13 1 11 10 8 5 13 10 8 16 6 5 15 3 14 2 12 11 1 9 7 4 14 11 16 8 7 15 5 4 13 12 2 10 9 1 6 3 15 16 11 10 9 14 13 12 5 4 3 8 7 6 1 2 16 15 14 13 12 11 10 9 8 7 6 5 4 3 2 1

