 1 2 3 4 5 6 7 8 2 3 5 6 4 7 8 1 3 5 4 7 6 8 1 2 4 6 7 1 8 2 3 5 5 4 6 8 7 1 2 3 6 7 8 2 1 3 5 4 7 8 1 3 2 5 4 6 8 1 2 5 3 4 6 7

 1 2 3 4 5 6 7 8 2 4 5 6 7 1 8 3 3 5 1 7 2 8 4 6 4 6 7 1 8 2 3 5 5 7 2 8 4 3 6 1 6 1 8 2 3 4 5 7 7 8 4 3 6 5 1 2 8 3 6 5 1 7 2 4

 1 2 3 4 5 6 7 8 2 1 5 6 3 4 8 7 3 8 1 7 6 5 4 2 4 6 7 1 8 2 3 5 5 7 2 8 4 3 6 1 6 4 8 2 7 1 5 3 7 5 4 3 2 8 1 6 8 3 6 5 1 7 2 4

 1 2 3 4 5 6 7 8 2 4 5 6 7 1 8 3 3 8 4 7 2 5 1 6 4 6 7 1 8 2 3 5 5 3 6 8 4 7 2 1 6 1 8 2 3 4 5 7 7 5 1 3 6 8 4 2 8 7 2 5 1 3 6 4

 1 2 3 4 5 6 7 8 2 1 5 6 3 4 8 7 3 5 1 7 2 8 4 6 4 6 7 1 8 2 3 5 5 3 2 8 1 7 6 4 6 4 8 2 7 1 5 3 7 8 4 3 6 5 1 2 8 7 6 5 4 3 2 1

